2+1
2-1
2*2
10000/25
a<-1+2
a
1+2->a
a<-1+2
1+2->a
a
a+3
